2.0 0.39201843320666596 0.3880831046648373
2.0 0.39201843320666596 0.3825950607604861
2.0 0.39201843320666596 0.3782830262642101
2.0 0.39201843320666596 0.3986671893375147
2.0 0.39201843320666596 0.39984319874559
2.0 0.39201843320666596 0.40493923951391614
2.0 0.39201843320666596 0.4057232457859663
2.0 0.39201843320666596 0.39317914543316346
2.0 0.39201843320666596 0.3884751078008624
2.2 0.3545234090532114 0.31903580290677064
2.2 0.3545234090532114 0.3310882665721375
2.2 0.3545234090532114 0.33286068769939736
2.2 0.3545234090532114 0.3317972350230415
2.2 0.3545234090532114 0.33073378234668555
2.2 0.3545234090532114 0.3555476781283233
2.2 0.3545234090532114 0.3456221198156682
2.2 0.3545234090532114 0.34207727756114853
2.2 0.3545234090532114 0.3342786246012052
2.4000000000000004 0.32074266536538576 0.31173829377806284
2.4000000000000004 0.32074266536538576 0.31462475946119306
2.4000000000000004 0.32074266536538576 0.32200128287363694
2.4000000000000004 0.32074266536538576 0.3008338678640154
2.4000000000000004 0.32074266536538576 0.3114175753688262
2.4000000000000004 0.32074266536538576 0.3296985246953175
2.4000000000000004 0.32074266536538576 0.3024374599101988
2.4000000000000004 0.32074266536538576 0.3236048749198204
2.4000000000000004 0.32074266536538576 0.3290570878768441
2.6000000000000005 0.29029659365451377 0.2783744557329463
2.6000000000000005 0.29029659365451377 0.2780841799709724
2.6000000000000005 0.29029659365451377 0.2708272859216255
2.6000000000000005 0.29029659365451377 0.2763425253991292
2.6000000000000005 0.29029659365451377 0.27169811320754716
2.6000000000000005 0.29029659365451377 0.2879535558780842
2.6000000000000005 0.29029659365451377 0.2841799709724238
2.6000000000000005 0.29029659365451377 0.28592162554426703
2.6000000000000005 0.29029659365451377 0.2896952104499274
2.8000000000000007 0.262845493076701 0.2578186596583443
2.8000000000000007 0.262845493076701 0.24362680683311433
2.8000000000000007 0.262845493076701 0.25098554533508544
2.8000000000000007 0.262845493076701 0.26701708278580816
2.8000000000000007 0.262845493076701 0.25624178712220763
2.8000000000000007 0.262845493076701 0.2507227332457293
2.8000000000000007 0.262845493076701 0.2614980289093298
2.8000000000000007 0.262845493076701 0.2604467805519054
2.8000000000000007 0.262845493076701 0.2680683311432326
3.000000000000001 0.23808526530534094 0.22833333333333333
3.000000000000001 0.23808526530534094 0.2311904761904762
3.000000000000001 0.23808526530534094 0.235
3.000000000000001 0.23808526530534094 0.23333333333333334
3.000000000000001 0.23808526530534094 0.22333333333333333
3.000000000000001 0.23808526530534094 0.23166666666666666
3.000000000000001 0.23808526530534094 0.22976190476190475
3.000000000000001 0.23808526530534094 0.2361904761904762
3.000000000000001 0.23808526530534094 0.24928571428571428
3.200000000000001 0.21574358502064847 0.21963322545846817
3.200000000000001 0.21574358502064847 0.2127292340884574
3.200000000000001 0.21574358502064847 0.2168284789644013
3.200000000000001 0.21574358502064847 0.22071197411003235
3.200000000000001 0.21574358502064847 0.2161812297734628
3.200000000000001 0.21574358502064847 0.21877022653721684
3.200000000000001 0.21574358502064847 0.21725997842502698
3.200000000000001 0.21574358502064847 0.21121898597626754
3.200000000000001 0.21574358502064847 0.23106796116504855
3.4000000000000012 0.19557649229605542 0.20457656952865244
3.4000000000000012 0.19557649229605542 0.1875611187169959
3.4000000000000012 0.19557649229605542 0.21181302562096616
3.4000000000000012 0.19557649229605542 0.19812243301388618
3.4000000000000012 0.19557649229605542 0.19264619597105417
3.4000000000000012 0.19557649229605542 0.19968707216898102
3.4000000000000012 0.19557649229605542 0.19362409544298845
3.4000000000000012 0.19557649229605542 0.1985135928026599
3.4000000000000012 0.19557649229605542 0.19597105417563074
3.6000000000000014 0.1773653593556774 0.18109258602341255
3.6000000000000014 0.1773653593556774 0.18268889677190492
3.6000000000000014 0.1773653593556774 0.18570415040794608
3.6000000000000014 0.1773653593556774 0.1777225966654842
3.6000000000000014 0.1773653593556774 0.17630365377793544
3.6000000000000014 0.1773653593556774 0.1727562965590635
3.6000000000000014 0.1773653593556774 0.1784320681092586
3.6000000000000014 0.1773653593556774 0.17949627527492018
3.6000000000000014 0.1773653593556774 0.17878680383114579
3.8000000000000016 0.1609141896431677 0.15561635017701964
3.8000000000000016 0.1609141896431677 0.15561635017701964
3.8000000000000016 0.1609141896431677 0.16124879304795622
3.8000000000000016 0.1609141896431677 0.15770840038622466
3.8000000000000016 0.1609141896431677 0.16124879304795622
3.8000000000000016 0.1609141896431677 0.16253620856131315
3.8000000000000016 0.1609141896431677 0.16076601223044737
3.8000000000000016 0.1609141896431677 0.153363373028645
3.8000000000000016 0.1609141896431677 0.16929514000643708
4.000000000000002 0.1460472119673121 0.14575726595589308
4.000000000000002 0.1460472119673121 0.1421060318387615
4.000000000000002 0.1460472119673121 0.1444428216737257
4.000000000000002 0.1460472119673121 0.14838615452022783
4.000000000000002 0.1460472119673121 0.14590331532057835
4.000000000000002 0.1460472119673121 0.15130714181393312
4.000000000000002 0.1460472119673121 0.14707171023806045
4.000000000000002 0.1460472119673121 0.13801664962757412
4.000000000000002 0.1460472119673121 0.15159924054330365
4.200000000000002 0.13260673675027865 0.13168014852141627
4.200000000000002 0.13260673675027865 0.13128232329929718
4.200000000000002 0.13260673675027865 0.13406709985413076
4.200000000000002 0.13260673675027865 0.13300623259514655
4.200000000000002 0.13260673675027865 0.13592361755735313
4.200000000000002 0.13260673675027865 0.13300623259514655
4.200000000000002 0.13260673675027865 0.13446492507624982
4.200000000000002 0.13260673675027865 0.1299562392255669
4.200000000000002 0.13260673675027865 0.13353666622463864
4.400000000000002 0.12045124516777768 0.11780293905083113
4.400000000000002 0.12045124516777768 0.115152975186702
4.400000000000002 0.12045124516777768 0.12238014936159962
4.400000000000002 0.12045124516777768 0.12370513129366417
4.400000000000002 0.12045124516777768 0.12430739580823898
4.400000000000002 0.12045124516777768 0.12141652613827993
4.400000000000002 0.12045124516777768 0.1187665622741508
4.400000000000002 0.12045124516777768 0.11443025776921224
4.400000000000002 0.12045124516777768 0.1257528306432185
4.600000000000002 0.10945368529563608 0.10245183887915937
4.600000000000002 0.10945368529563608 0.10956654991243432
4.600000000000002 0.10945368529563608 0.11055166374781086
4.600000000000002 0.10945368529563608 0.11241243432574431
4.600000000000002 0.10945368529563608 0.11427320490367776
4.600000000000002 0.10945368529563608 0.10825306479859895
4.600000000000002 0.10945368529563608 0.1108800350262697
4.600000000000002 0.10945368529563608 0.10573555166374782
4.600000000000002 0.10945368529563608 0.12095008756567426
4.8000000000000025 9.949995231639147e-2 0.10019900497512438
4.8000000000000025 9.949995231639147e-2 9.412935323383084e-2
4.8000000000000025 9.949995231639147e-2 0.10228855721393035
4.8000000000000025 9.949995231639147e-2 0.10378109452736319
4.8000000000000025 9.949995231639147e-2 0.1054726368159204
4.8000000000000025 9.949995231639147e-2 0.10228855721393035
4.8000000000000025 9.949995231639147e-2 0.10577114427860697
4.8000000000000025 9.949995231639147e-2 9.681592039800994e-2
4.8000000000000025 9.949995231639147e-2 0.103681592039801
5.000000000000003 9.048753243817137e-2 8.994661116641028e-2
5.000000000000003 9.048753243817137e-2 8.91322052302959e-2
5.000000000000003 9.048753243817137e-2 8.958465297258167e-2
5.000000000000003 9.048753243817137e-2 9.655234820378246e-2
5.000000000000003 9.048753243817137e-2 9.419961994389647e-2
5.000000000000003 9.048753243817137e-2 9.302325581395349e-2
5.000000000000003 9.048753243817137e-2 9.727626459143969e-2
5.000000000000003 9.048753243817137e-2 9.003710071486744e-2
5.000000000000003 9.048753243817137e-2 9.727626459143969e-2
5.200000000000003 8.232429247650848e-2 8.355972668148515e-2
5.200000000000003 8.232429247650848e-2 8.10899810652836e-2
5.200000000000003 8.232429247650848e-2 8.150160533465053e-2
5.200000000000003 8.232429247650848e-2 8.792294393677451e-2
5.200000000000003 8.232429247650848e-2 8.224252901951098e-2
5.200000000000003 8.232429247650848e-2 8.150160533465053e-2
5.200000000000003 8.232429247650848e-2 8.602947229768668e-2
5.200000000000003 8.232429247650848e-2 8.767596937515436e-2
5.200000000000003 8.232429247650848e-2 8.183090475014407e-2
5.400000000000003 7.492739908322692e-2 7.934961786303012e-2
5.400000000000003 7.492739908322692e-2 7.5827963434737e-2
5.400000000000003 7.492739908322692e-2 7.62026075228533e-2
5.400000000000003 7.492739908322692e-2 7.695189569908586e-2
5.400000000000003 7.492739908322692e-2 7.747639742244868e-2
5.400000000000003 7.492739908322692e-2 7.44043158998951e-2
5.400000000000003 7.492739908322692e-2 7.717668215195564e-2
5.400000000000003 7.492739908322692e-2 7.590289225236026e-2
5.400000000000003 7.492739908322692e-2 7.425445826464859e-2
5.600000000000003 6.82223534062247e-2 6.972301814708691e-2
5.600000000000003 6.82223534062247e-2 6.719879929048983e-2
5.600000000000003 6.82223534062247e-2 6.4538136171374e-2
5.600000000000003 6.82223534062247e-2 6.719879929048983e-2
5.600000000000003 6.82223534062247e-2 6.972301814708691e-2
5.600000000000003 6.82223534062247e-2 6.815390912812117e-2
5.600000000000003 6.82223534062247e-2 6.863146404693683e-2
5.600000000000003 6.82223534062247e-2 7.0814572247237e-2
5.600000000000003 6.82223534062247e-2 6.52203574839678e-2
5.800000000000003 6.21421285572768e-2 6.232910763112105e-2
5.800000000000003 6.21421285572768e-2 6.307481978622918e-2
5.800000000000003 6.21421285572768e-2 6.152125279642058e-2
5.800000000000003 6.21421285572768e-2 6.829480487198608e-2
5.800000000000003 6.21421285572768e-2 6.232910763112105e-2
5.800000000000003 6.21421285572768e-2 6.1086254039274174e-2
5.800000000000003 6.21421285572768e-2 6.487695749440715e-2
5.800000000000003 6.21421285572768e-2 6.717623663932389e-2
5.800000000000003 6.21421285572768e-2 6.102411135968183e-2
6.0000000000000036 5.66263986760163e-2 5.7701019252548134e-2
6.0000000000000036 5.66263986760163e-2 5.492638731596829e-2
6.0000000000000036 5.66263986760163e-2 5.65118912797282e-2
6.0000000000000036 5.66263986760163e-2 5.9173272933182336e-2
6.0000000000000036 5.66263986760163e-2 5.951302378255945e-2
6.0000000000000036 5.66263986760163e-2 5.475651189127973e-2
6.0000000000000036 5.66263986760163e-2 5.8776896942242356e-2
6.0000000000000036 5.66263986760163e-2 6.098527746319366e-2
6.0000000000000036 5.66263986760163e-2 5.311438278595697e-2
6.200000000000004 5.162084962827559e-2 5.229196778856081e-2
6.200000000000004 5.162084962827559e-2 5.14660334503407e-2
6.200000000000004 5.162084962827559e-2 5.203386330786702e-2
6.200000000000004 5.162084962827559e-2 5.1362791658063185e-2
6.200000000000004 5.162084962827559e-2 5.280817674994838e-2
6.200000000000004 5.162084962827559e-2 5.151765434647945e-2
6.200000000000004 5.162084962827559e-2 5.662812306421639e-2
6.200000000000004 5.162084962827559e-2 5.440842453024985e-2
6.200000000000004 5.162084962827559e-2 5.244683047697708e-2
6.400000000000004 4.7076562484715895e-2 4.891253177666886e-2
6.400000000000004 4.7076562484715895e-2 4.67470106392995e-2
6.400000000000004 4.7076562484715895e-2 4.792392430091329e-2
6.400000000000004 4.7076562484715895e-2 4.7829771207984186e-2
6.400000000000004 4.7076562484715895e-2 4.7971000847377834e-2
6.400000000000004 4.7076562484715895e-2 4.599378589586668e-2
6.400000000000004 4.7076562484715895e-2 4.9289144148385276e-2
6.400000000000004 4.7076562484715895e-2 4.844176631202335e-2
6.400000000000004 4.7076562484715895e-2 4.7547311929196874e-2
6.600000000000004 4.294946190765297e-2 4.453893398617017e-2
6.600000000000004 4.294946190765297e-2 4.488253231971825e-2
6.600000000000004 4.294946190765297e-2 4.148949877593094e-2
6.600000000000004 4.294946190765297e-2 4.372288794399347e-2
6.600000000000004 4.294946190765297e-2 4.432418502770261e-2
6.600000000000004 4.294946190765297e-2 4.25632435682687e-2
6.600000000000004 4.294946190765297e-2 4.655757419576515e-2
6.600000000000004 4.294946190765297e-2 4.518318086157282e-2
6.600000000000004 4.294946190765297e-2 4.526908044495984e-2
6.800000000000004 3.919982244476177e-2 3.9709917679341435e-2
6.800000000000004 3.919982244476177e-2 3.947471579772638e-2
6.800000000000004 3.919982244476177e-2 3.7671501372010974e-2
6.800000000000004 3.919982244476177e-2 3.8729909839278716e-2
6.800000000000004 3.919982244476177e-2 4.108192865542924e-2
6.800000000000004 3.919982244476177e-2 4.049392395139161e-2
6.800000000000004 3.919982244476177e-2 3.9670717365738926e-2
6.800000000000004 3.919982244476177e-2 3.888671109368875e-2
6.800000000000004 3.919982244476177e-2 3.90827126617013e-2
7.000000000000004 3.5791826500754534e-2 3.7939797415798705e-2
7.000000000000004 3.5791826500754534e-2 3.4575324814775044e-2
7.000000000000004 3.5791826500754534e-2 3.4253194459357886e-2
7.000000000000004 3.5791826500754534e-2 3.7975589677511724e-2
7.000000000000004 3.5791826500754534e-2 3.5505923619313505e-2
7.000000000000004 3.5791826500754534e-2 3.704499087297326e-2
7.000000000000004 3.5791826500754534e-2 3.6830237302695155e-2
7.000000000000004 3.5791826500754534e-2 3.6508106947278e-2
7.000000000000004 3.5791826500754534e-2 3.543433909588747e-2
7.200000000000005 3.269316844350807e-2 3.4361003040507404e-2
7.200000000000005 3.269316844350807e-2 3.269362801190048e-2
7.200000000000005 3.269316844350807e-2 3.0960865727269755e-2
7.200000000000005 3.269316844350807e-2 3.226861084774577e-2
7.200000000000005 3.269316844350807e-2 3.0993559355281655e-2
7.200000000000005 3.269316844350807e-2 3.220322359172197e-2
7.200000000000005 3.269316844350807e-2 3.4361003040507404e-2
7.200000000000005 3.269316844350807e-2 3.494948834472161e-2
7.200000000000005 3.269316844350807e-2 3.190898093961487e-2
7.400000000000005 2.9874699909469064e-2 2.969557553849371e-2
7.400000000000005 2.9874699909469064e-2 3.0741194395482927e-2
7.400000000000005 2.9874699909469064e-2 2.984494966092074e-2
7.400000000000005 2.9874699909469064e-2 3.0771069219968333e-2
7.400000000000005 2.9874699909469064e-2 2.885908045290234e-2
7.400000000000005 2.9874699909469064e-2 2.9635825889522897e-2
7.400000000000005 2.9874699909469064e-2 3.008394825680399e-2
7.400000000000005 2.9874699909469064e-2 3.139844053416186e-2
7.400000000000005 2.9874699909469064e-2 3.065156992202671e-2
7.600000000000005 2.7310111913322593e-2 2.733777583570024e-2
7.600000000000005 2.7310111913322593e-2 2.782936421236618e-2
7.600000000000005 2.7310111913322593e-2 2.701005025125628e-2
7.600000000000005 2.7310111913322593e-2 2.7911295608477167e-2
7.600000000000005 2.7310111913322593e-2 2.690080838977496e-2
7.600000000000005 2.7310111913322593e-2 2.810246886606948e-2
7.600000000000005 2.7310111913322593e-2 2.788398514310684e-2
7.600000000000005 2.7310111913322593e-2 2.8621367708105746e-2
7.600000000000005 2.7310111913322593e-2 2.7911295608477167e-2
7.800000000000005 2.4975649846666052e-2 2.4576038362596468e-2
7.800000000000005 2.4975649846666052e-2 2.5100526986188466e-2
7.800000000000005 2.4975649846666052e-2 2.5874772097205224e-2
7.800000000000005 2.4975649846666052e-2 2.5100526986188466e-2
7.800000000000005 2.4975649846666052e-2 2.5175453932415895e-2
7.800000000000005 2.4975649846666052e-2 2.547516171732561e-2
7.800000000000005 2.4975649846666052e-2 2.6074577287145035e-2
7.800000000000005 2.4975649846666052e-2 2.5375259122355703e-2
7.800000000000005 2.4975649846666052e-2 2.5999650340917606e-2
8.000000000000005 2.2849857876681937e-2 2.4197970935015082e-2
8.000000000000005 2.2849857876681937e-2 2.415227127319258e-2
8.000000000000005 2.2849857876681937e-2 2.3352527191298784e-2
8.000000000000005 2.2849857876681937e-2 2.4106571611370076e-2
8.000000000000005 2.2849857876681937e-2 2.4449319075038844e-2
8.000000000000005 2.2849857876681937e-2 2.3489626176766292e-2
8.000000000000005 2.2849857876681937e-2 2.472351704597386e-2
8.000000000000005 2.2849857876681937e-2 2.3946622794991317e-2
8.000000000000005 2.2849857876681937e-2 2.454071839868385e-2
8.200000000000006 2.091334963463375e-2 1.9240421616195415e-2
8.200000000000006 2.091334963463375e-2 2.082984774970721e-2
8.200000000000006 2.091334963463375e-2 2.1143550276058222e-2
8.200000000000006 2.091334963463375e-2 2.1310858290112096e-2
8.200000000000006 2.091334963463375e-2 2.147816630416597e-2
8.200000000000006 2.091334963463375e-2 2.1603647314706376e-2
8.200000000000006 2.091334963463375e-2 2.254475489375941e-2
8.200000000000006 2.091334963463375e-2 2.1101723272544753e-2
8.200000000000006 2.091334963463375e-2 2.1708214823490043e-2
8.400000000000006 1.9148602420807403e-2 1.8957164467763247e-2
8.400000000000006 1.9148602420807403e-2 2.031671868716849e-2
8.400000000000006 1.9148602420807403e-2 1.8995461769718322e-2
8.400000000000006 1.9148602420807403e-2 1.9646515902954638e-2
8.400000000000006 1.9148602420807403e-2 1.7903988663998623e-2
8.400000000000006 1.9148602420807403e-2 1.9167799628516172e-2
8.400000000000006 1.9148602420807403e-2 2.085288091453957e-2
8.400000000000006 1.9148602420807403e-2 1.9799705110774946e-2
8.400000000000006 1.9148602420807403e-2 1.98762997146851e-2
8.600000000000005 1.7539772452040647e-2 1.7399540455685546e-2
8.600000000000005 1.7539772452040647e-2 1.745216003367653e-2
8.600000000000005 1.7539772452040647e-2 1.766263834564047e-2
8.600000000000005 1.7539772452040647e-2 1.68733446757757e-2
8.600000000000005 1.7539772452040647e-2 1.7101362847069968e-2
8.600000000000005 1.7539772452040647e-2 1.7417080315015872e-2
8.600000000000005 1.7539772452040647e-2 1.839931243751425e-2
8.600000000000005 1.7539772452040647e-2 1.7610018767649484e-2
8.600000000000005 1.7539772452040647e-2 1.8416852296844578e-2
8.800000000000006 1.6072528944441514e-2 1.5815358899353885e-2
8.800000000000006 1.6072528944441514e-2 1.604037416824713e-2
8.800000000000006 1.6072528944441514e-2 1.6956507763026776e-2
8.800000000000006 1.6072528944441514e-2 1.6265389437140378e-2
8.800000000000006 1.6072528944441514e-2 1.6538622263653605e-2
8.800000000000006 1.6072528944441514e-2 1.5574271111253977e-2
8.800000000000006 1.6072528944441514e-2 1.6586839821273586e-2
8.800000000000006 1.6072528944441514e-2 1.592786653380051e-2
8.800000000000006 1.6072528944441514e-2 1.5783213860940563e-2
9.000000000000007 1.4733905061014388e-2 1.4336019802271957e-2
9.000000000000007 1.4733905061014388e-2 1.4984308467533998e-2
9.000000000000007 1.4733905061014388e-2 1.4954840800931178e-2
9.000000000000007 1.4733905061014388e-2 1.4365487468874777e-2
9.000000000000007 1.4733905061014388e-2 1.4115012302750807e-2
9.000000000000007 1.4733905061014388e-2 1.4615962634998748e-2
9.000000000000007 1.4733905061014388e-2 1.4498091968587467e-2
9.000000000000007 1.4733905061014388e-2 1.4365487468874777e-2
9.000000000000007 1.4733905061014388e-2 1.5131646800548099e-2
9.200000000000006 1.351216396499029e-2 1.3147404975205048e-2
9.200000000000006 1.351216396499029e-2 1.3390625211128677e-2
9.200000000000006 1.351216396499029e-2 1.3633845447052305e-2
9.200000000000006 1.351216396499029e-2 1.295823368059778e-2
9.200000000000006 1.351216396499029e-2 1.3282527328495953e-2
9.200000000000006 1.351216396499029e-2 1.3823016741659573e-2
9.200000000000006 1.351216396499029e-2 1.4268920507519559e-2
9.200000000000006 1.351216396499029e-2 1.3823016741659573e-2
9.200000000000006 1.351216396499029e-2 1.4066236977583201e-2
9.400000000000006 1.23966784076142e-2 1.263217920587105e-2
9.400000000000006 1.23966784076142e-2 1.3351184499237606e-2
9.400000000000006 1.23966784076142e-2 1.2458626204023951e-2
9.400000000000006 1.23966784076142e-2 1.2954491923587092e-2
9.400000000000006 1.23966784076142e-2 1.211152020032975e-2
9.400000000000006 1.23966784076142e-2 1.2880112065652621e-2
9.400000000000006 1.23966784076142e-2 1.2768542278750914e-2
9.400000000000006 1.23966784076142e-2 1.2260279916198694e-2
9.400000000000006 1.23966784076142e-2 1.3239614712335899e-2
9.600000000000007 1.1377822446563804e-2 1.1878484469222893e-2
9.600000000000007 1.1377822446563804e-2 1.2344976675389691e-2
9.600000000000007 1.1377822446563804e-2 1.1503015132552055e-2
9.600000000000007 1.1377822446563804e-2 1.1218568665377175e-2
9.600000000000007 1.1377822446563804e-2 1.1173057230629196e-2
9.600000000000007 1.1377822446563804e-2 1.1173057230629196e-2
9.600000000000007 1.1377822446563804e-2 1.1798839458413927e-2
9.600000000000007 1.1377822446563804e-2 1.109341221982023e-2
9.600000000000007 1.1377822446563804e-2 1.2015018773466833e-2
9.800000000000008 1.0446874040350686e-2 1.1157309709366708e-2
9.800000000000008 1.0446874040350686e-2 1.0864795971667954e-2
9.800000000000008 1.0446874040350686e-2 1.0237980819456342e-2
9.800000000000008 1.0446874040350686e-2 1.0540941476358623e-2
9.800000000000008 1.0446874040350686e-2 1.0509600718748041e-2
9.800000000000008 1.0446874040350686e-2 1.0405131526712772e-2
9.800000000000008 1.0446874040350686e-2 1.1021499759720858e-2
9.800000000000008 1.0446874040350686e-2 1.0540941476358623e-2
9.800000000000008 1.0446874040350686e-2 1.064541066839389e-2
10.000000000000007 9.595927397018434e-3 9.76864246576657e-3
10.000000000000007 9.595927397018434e-3 9.624703726094174e-3
10.000000000000007 9.595927397018434e-3 9.567128230225217e-3
10.000000000000007 9.595927397018434e-3 9.845409793591848e-3
10.000000000000007 9.595927397018434e-3 9.356018078705702e-3
10.000000000000007 9.595927397018434e-3 9.077736515339071e-3
10.000000000000007 9.595927397018434e-3 1.0162075020871117e-2
10.000000000000007 9.595927397018434e-3 9.240867086967787e-3
10.000000000000007 9.595927397018434e-3 9.979752617286083e-3
10.200000000000006 8.817814074001557e-3 8.817797843166648e-3
10.200000000000006 8.817814074001557e-3 8.914793619441481e-3
10.200000000000006 8.817814074001557e-3 9.055878384932147e-3
10.200000000000006 8.817814074001557e-3 9.04706058708898e-3
10.200000000000006 8.817814074001557e-3 8.429814738067315e-3
10.200000000000006 8.817814074001557e-3 8.650259684146481e-3
10.200000000000006 8.817814074001557e-3 8.747255460421315e-3
10.200000000000006 8.817814074001557e-3 8.78252665179398e-3
10.200000000000006 8.817814074001557e-3 8.75607325826448e-3
10.400000000000007 8.10603193174018e-3 7.976330401653629e-3
10.400000000000007 8.10603193174018e-3 8.543752279820046e-3
10.400000000000007 8.10603193174018e-3 8.024966562639322e-3
10.400000000000007 8.10603193174018e-3 8.25193531390589e-3
10.400000000000007 8.10603193174018e-3 7.943906294329834e-3
10.400000000000007 8.10603193174018e-3 8.10602683094881e-3
10.400000000000007 8.10603193174018e-3 8.527540226158148e-3
10.400000000000007 8.10603193174018e-3 7.830421918696552e-3
10.400000000000007 8.10603193174018e-3 8.203299152920196e-3
10.600000000000009 7.45468113797498e-3 7.40249284351145e-3
10.600000000000009 7.45468113797498e-3 7.290672709923664e-3
10.600000000000009 7.45468113797498e-3 7.454675572519084e-3
10.600000000000009 7.45468113797498e-3 7.477039599236642e-3
10.600000000000009 7.45468113797498e-3 7.231035305343511e-3
10.600000000000009 7.45468113797498e-3 7.186307251908397e-3
10.600000000000009 7.45468113797498e-3 7.074487118320611e-3
10.600000000000009 7.45468113797498e-3 7.573950381679389e-3
10.600000000000009 7.45468113797498e-3 7.797590648854962e-3
10.800000000000008 6.858406503829848e-3 6.721259756114289e-3
10.800000000000008 6.858406503829848e-3 6.872145179210732e-3
10.800000000000008 6.858406503829848e-3 6.673250757856329e-3
10.800000000000008 6.858406503829848e-3 6.920154177468691e-3
10.800000000000008 6.858406503829848e-3 6.542940619727583e-3
10.800000000000008 6.858406503829848e-3 6.652675472888633e-3
10.800000000000008 6.858406503829848e-3 6.789844039339945e-3
10.800000000000008 6.858406503829848e-3 6.933871034113822e-3
10.800000000000008 6.858406503829848e-3 7.0916148855328315e-3
11.000000000000007 6.312345507942478e-3 6.381769978538064e-3
11.000000000000007 6.312345507942478e-3 6.508016664562555e-3
11.000000000000007 6.312345507942478e-3 6.451205655851534e-3
11.000000000000007 6.312345507942478e-3 6.274460295417245e-3
11.000000000000007 6.312345507942478e-3 6.268147961116021e-3
11.000000000000007 6.312345507942478e-3 6.1040272692841815e-3
11.000000000000007 6.312345507942478e-3 6.590077010478475e-3
11.000000000000007 6.312345507942478e-3 6.19871228380255e-3
11.000000000000007 6.312345507942478e-3 6.306021966923368e-3
11.200000000000008 5.812081432014394e-3 5.939961058963703e-3
11.200000000000008 5.812081432014394e-3 6.125948097991921e-3
11.200000000000008 5.812081432014394e-3 5.602859550725059e-3
11.200000000000008 5.812081432014394e-3 5.951585248902967e-3
11.200000000000008 5.812081432014394e-3 5.823719159571067e-3
11.200000000000008 5.812081432014394e-3 6.067827148295603e-3
11.200000000000008 5.812081432014394e-3 5.841155444479963e-3
11.200000000000008 5.812081432014394e-3 5.858591729388858e-3
11.200000000000008 5.812081432014394e-3 6.364243991746825e-3
11.40000000000001 5.353601091101685e-3 5.364312864714385e-3
11.40000000000001 5.353601091101685e-3 5.6105787247711335e-3
11.40000000000001 5.353601091101685e-3 5.401788104288238e-3
11.40000000000001 5.353601091101685e-3 5.557042668237058e-3
11.40000000000001 5.353601091101685e-3 5.535628245623428e-3
11.40000000000001 5.353601091101685e-3 5.701590020879062e-3
11.40000000000001 5.353601091101685e-3 5.385727287328015e-3
11.40000000000001 5.353601091101685e-3 5.342898442100755e-3
11.40000000000001 5.353601091101685e-3 5.487445794742759e-3
11.600000000000009 4.933256695536919e-3 4.992452122778802e-3
11.600000000000009 4.933256695536919e-3 4.913520073406806e-3
11.600000000000009 4.933256695536919e-3 5.06645091906505e-3
11.600000000000009 4.933256695536919e-3 5.239114777066293e-3
11.600000000000009 4.933256695536919e-3 5.06645091906505e-3
11.600000000000009 4.933256695536919e-3 4.9036535672353065e-3
11.600000000000009 4.933256695536919e-3 4.790188746263061e-3
11.600000000000009 4.933256695536919e-3 4.721123203062563e-3
11.600000000000009 4.933256695536919e-3 4.972719110435803e-3
11.800000000000008 4.547731429255463e-3 4.561371594888354e-3
11.800000000000008 4.547731429255463e-3 4.4658692982855065e-3
11.800000000000008 4.547731429255463e-3 4.693255718768475e-3
11.800000000000008 4.547731429255463e-3 4.402201100550275e-3
11.800000000000008 4.547731429255463e-3 4.429487471008232e-3
11.800000000000008 4.547731429255463e-3 4.5431806812497155e-3
11.800000000000008 4.547731429255463e-3 4.72963754604575e-3
11.800000000000008 4.547731429255463e-3 4.379462458501978e-3
11.800000000000008 4.547731429255463e-3 4.402201100550275e-3
12.000000000000009 4.1940083721126e-3 4.399521882273995e-3
12.000000000000009 4.1940083721126e-3 4.202403170675446e-3
12.000000000000009 4.1940083721126e-3 3.988508398515319e-3
12.000000000000009 4.1940083721126e-3 3.946568247111372e-3
12.000000000000009 4.1940083721126e-3 3.9214041562690045e-3
12.000000000000009 4.1940083721126e-3 4.038836580200054e-3
12.000000000000009 4.1940083721126e-3 4.181433094973473e-3
12.000000000000009 4.1940083721126e-3 4.1059408224463695e-3
12.000000000000009 4.1940083721126e-3 4.1898211252542625e-3
12.20000000000001 3.8693424320706163e-3 3.675873116598695e-3
12.20000000000001 3.8693424320706163e-3 3.8074306807717013e-3
12.20000000000001 3.8693424320706163e-3 3.8538627622445266e-3
12.20000000000001 3.8693424320706163e-3 3.5791396135303084e-3
12.20000000000001 3.8693424320706163e-3 3.830646721508114e-3
12.20000000000001 3.8693424320706163e-3 3.8577321023672622e-3
12.20000000000001 3.8693424320706163e-3 3.7996920005262304e-3
12.20000000000001 3.8693424320706163e-3 3.5868782937757797e-3
12.20000000000001 3.8693424320706163e-3 3.8848174832264108e-3
12.40000000000001 3.5712349873948854e-3 3.7533703551595452e-3
12.40000000000001 3.5712349873948854e-3 3.510526221809546e-3
12.40000000000001 3.5712349873948854e-3 3.692659321822045e-3
12.40000000000001 3.5712349873948854e-3 3.692659321822045e-3
12.40000000000001 3.5712349873948854e-3 3.599807153188222e-3
12.40000000000001 3.5712349873948854e-3 3.4712426120029286e-3
12.40000000000001 3.5712349873948854e-3 3.6390907629948394e-3
12.40000000000001 3.5712349873948854e-3 3.731942931628663e-3
12.40000000000001 3.5712349873948854e-3 3.7212292198632218e-3
12.600000000000009 3.2974109696596596e-3 3.3633617790205365e-3
12.600000000000009 3.2974109696596596e-3 3.4457971167416277e-3
12.600000000000009 3.2974109696596596e-3 3.162219554981073e-3
12.600000000000009 3.2974109696596596e-3 3.317197989896725e-3
12.600000000000009 3.2974109696596596e-3 3.3633617790205365e-3
12.600000000000009 3.2974109696596596e-3 3.4326074627062534e-3
12.600000000000009 3.2974109696596596e-3 3.3007109223525065e-3
12.600000000000009 3.2974109696596596e-3 3.1655169684899165e-3
12.600000000000009 3.2974109696596596e-3 3.2050859305960406e-3
12.80000000000001 3.0457981458141417e-3 3.2102728731942215e-3
12.80000000000001 3.0457981458141417e-3 3.0183874927281534e-3
12.80000000000001 3.0457981458141417e-3 3.0183874927281534e-3
12.80000000000001 3.0457981458141417e-3 3.204181273814346e-3
12.80000000000001 3.0457981458141417e-3 3.1371736806357193e-3
12.80000000000001 3.0457981458141417e-3 3.1219446821860314e-3
12.80000000000001 3.0457981458141417e-3 3.088440885596718e-3
12.80000000000001 3.0457981458141417e-3 3.1067156837363435e-3
12.80000000000001 3.0457981458141417e-3 3.115853082806156e-3
13.00000000000001 2.8145083821412512e-3 2.780733010227919e-3
13.00000000000001 2.8145083821412512e-3 2.8651682230890906e-3
13.00000000000001 2.8145083821412512e-3 2.7863620244186634e-3
13.00000000000001 2.8145083821412512e-3 2.8820552656613247e-3
13.00000000000001 2.8145083821412512e-3 2.7441444179880778e-3
13.00000000000001 2.8145083821412512e-3 2.9580469572363793e-3
13.00000000000001 2.8145083821412512e-3 2.8229506166585045e-3
13.00000000000001 2.8145083821412512e-3 3.0115225920484545e-3
13.00000000000001 2.8145083821412512e-3 2.81732160246776e-3
13.20000000000001 2.6018206949624846e-3 2.4951476013800066e-3
13.20000000000001 2.6018206949624846e-3 2.5627949816051164e-3
13.20000000000001 2.6018206949624846e-3 2.5029530683290577e-3
13.20000000000001 2.6018206949624846e-3 2.7189043205861387e-3
13.20000000000001 2.6018206949624846e-3 2.6408496510956273e-3
13.20000000000001 2.6018206949624846e-3 2.6304423618302257e-3
13.20000000000001 2.6018206949624846e-3 2.476934845165554e-3
13.20000000000001 2.6018206949624846e-3 2.5549895146560653e-3
13.20000000000001 2.6018206949624846e-3 2.5549895146560653e-3
13.40000000000001 2.4061659126745766e-3 2.281044949578801e-3
13.40000000000001 2.4061659126745766e-3 2.30029427404782e-3
13.40000000000001 2.4061659126745766e-3 2.305106605165075e-3
13.40000000000001 2.4061659126745766e-3 2.4085717241860544e-3
13.40000000000001 2.4061659126745766e-3 2.350823750778996e-3
13.40000000000001 2.4061659126745766e-3 2.4085717241860544e-3
13.40000000000001 2.4061659126745766e-3 2.276232618461546e-3
13.40000000000001 2.4061659126745766e-3 2.2858572806960555e-3
13.40000000000001 2.4061659126745766e-3 2.46872586315174e-3
13.60000000000001 2.2261127913912448e-3 2.045795545107677e-3
13.60000000000001 2.2261127913912448e-3 2.1214833019451754e-3
13.60000000000001 2.2261127913912448e-3 2.1125788599642933e-3
13.60000000000001 2.2261127913912448e-3 2.070282760555103e-3
13.60000000000001 2.2261127913912448e-3 2.152648848878263e-3
13.60000000000001 2.2261127913912448e-3 2.1170310809547344e-3
13.60000000000001 2.2261127913912448e-3 2.1259355229356165e-3
13.60000000000001 2.2261127913912448e-3 2.1593271803639247e-3
13.60000000000001 2.2261127913912448e-3 2.1081266389738522e-3
13.800000000000011 2.0603554423226206e-3 2.0006057446847964e-3
13.800000000000011 2.0603554423226206e-3 2.0624164268068807e-3
13.800000000000011 2.0603554423226206e-3 2.0995028360801314e-3
13.800000000000011 2.0603554423226206e-3 2.136589245353382e-3
13.800000000000011 2.0603554423226206e-3 2.095382123938659e-3
13.800000000000011 2.0603554423226206e-3 2.1118649725045484e-3
13.800000000000011 2.0603554423226206e-3 2.155132449990007e-3
13.800000000000011 2.0603554423226206e-3 2.0438732221702556e-3
13.800000000000011 2.0603554423226206e-3 2.136589245353382e-3
14.00000000000001 1.9077019432494815e-3 1.9172400899672066e-3
14.00000000000001 1.9077019432494815e-3 1.955394121608345e-3
14.00000000000001 1.9077019432494815e-3 1.9992712579956543e-3
14.00000000000001 1.9077019432494815e-3 1.9363171057877758e-3
14.00000000000001 1.9077019432494815e-3 1.9210554931313204e-3
14.00000000000001 1.9077019432494815e-3 1.9210554931313204e-3
14.00000000000001 1.9077019432494815e-3 2.006902064323882e-3
14.00000000000001 1.9077019432494815e-3 1.812316502954076e-3
14.00000000000001 1.9077019432494815e-3 1.98973275008537e-3
14.20000000000001 1.7670640192116816e-3 1.7794348924740683e-3
14.20000000000001 1.7670640192116816e-3 1.6893145553179834e-3
14.20000000000001 1.7670640192116816e-3 1.717587602268912e-3
14.20000000000001 1.7670640192116816e-3 1.761764238129738e-3
14.20000000000001 1.7670640192116816e-3 1.7458606492198406e-3
14.20000000000001 1.7670640192116816e-3 1.763531303564171e-3
14.20000000000001 1.7670640192116816e-3 1.851884575285823e-3
14.20000000000001 1.7670640192116816e-3 1.6557403120637556e-3
14.20000000000001 1.7670640192116816e-3 1.7723666307363363e-3
14.400000000000011 1.6374476889839651e-3 1.5965102741576566e-3
14.400000000000011 1.6374476889839651e-3 1.5261000774512163e-3
14.400000000000011 1.6374476889839651e-3 1.6587332386889294e-3
14.400000000000011 1.6374476889839651e-3 1.640721327903561e-3
14.400000000000011 1.6374476889839651e-3 1.5866855955474558e-3
14.400000000000011 1.6374476889839651e-3 1.6898447209545658e-3
14.400000000000011 1.6374476889839651e-3 1.7144064174800682e-3
14.400000000000011 1.6374476889839651e-3 1.5211877381461159e-3
14.400000000000011 1.6374476889839651e-3 1.637446435033494e-3
14.600000000000012 1.5179447841949282e-3 1.4891049431908741e-3
14.600000000000012 1.5179447841949282e-3 1.4541921871323725e-3
14.600000000000012 1.5179447841949282e-3 1.5088382400935054e-3
14.600000000000012 1.5179447841949282e-3 1.479997267697352e-3
14.600000000000012 1.5179447841949282e-3 1.537679212489659e-3
14.600000000000012 1.5179447841949282e-3 1.476961375866178e-3
14.600000000000012 1.5179447841949282e-3 1.5179459155870276e-3
14.600000000000012 1.5179447841949282e-3 1.4526742412167854e-3
14.600000000000012 1.5179447841949282e-3 1.434458890229741e-3
14.800000000000011 1.4077252571790926e-3 1.3598623808008829e-3
14.800000000000011 1.4077252571790926e-3 1.3260769800356436e-3
14.800000000000011 1.4077252571790926e-3 1.3852014313748124e-3
14.800000000000011 1.4077252571790926e-3 1.3739396311197327e-3
14.800000000000011 1.4077252571790926e-3 1.4471413327777512e-3
14.800000000000011 1.4077252571790926e-3 1.3725319060878477e-3
14.800000000000011 1.4077252571790926e-3 1.3866091564066973e-3
14.800000000000011 1.4077252571790926e-3 1.3866091564066973e-3
14.800000000000011 1.4077252571790926e-3 1.3739396311197327e-3
15.00000000000001 1.30603020194702e-3 1.2041599678194125e-3
15.00000000000001 1.30603020194702e-3 1.2694614845124392e-3
15.00000000000001 1.30603020194702e-3 1.2916640001880684e-3
15.00000000000001 1.30603020194702e-3 1.2263624834950417e-3
15.00000000000001 1.30603020194702e-3 1.2995001821912316e-3
15.00000000000001 1.30603020194702e-3 1.22244439249346e-3
15.00000000000001 1.30603020194702e-3 1.2407288171675075e-3
15.00000000000001 1.30603020194702e-3 1.180651421809923e-3
15.00000000000001 1.30603020194702e-3 1.2746856058478814e-3
15.200000000000012 1.2121655201122257e-3 1.24004509254882e-3
15.200000000000012 1.2121655201122257e-3 1.2097409602773435e-3
15.200000000000012 1.2121655201122257e-3 1.2073166296956252e-3
15.200000000000012 1.2121655201122257e-3 1.2570154066208468e-3
15.200000000000012 1.2121655201122257e-3 1.2764100512745917e-3
15.200000000000012 1.2121655201122257e-3 1.260651902493424e-3
15.200000000000012 1.2121655201122257e-3 1.2521667454574105e-3
15.200000000000012 1.2121655201122257e-3 1.2545910760391288e-3
15.200000000000012 1.2121655201122257e-3 1.1770124974241488e-3
15.400000000000013 1.125496170313487e-3 1.1457551347950528e-3
15.400000000000013 1.125496170313487e-3 1.1828965094986253e-3
15.400000000000013 1.125496170313487e-3 1.0849783398255706e-3
15.400000000000013 1.125496170313487e-3 1.1873984943111795e-3
15.400000000000013 1.125496170313487e-3 1.1772690284829325e-3
15.400000000000013 1.125496170313487e-3 1.1896494867174566e-3
15.400000000000013 1.125496170313487e-3 1.1558846006232998e-3
15.400000000000013 1.125496170313487e-3 1.1209942183260046e-3
15.400000000000013 1.125496170313487e-3 1.055715438543968e-3
15.600000000000012 1.0454409456952054e-3 1.0423048213654715e-3
15.600000000000012 1.0454409456952054e-3 1.05694099739267e-3
15.600000000000012 1.0454409456952054e-3 1.0611227619718693e-3
15.600000000000012 1.0454409456952054e-3 1.0109415870214755e-3
15.600000000000012 1.0454409456952054e-3 1.0809861437230668e-3
15.600000000000012 1.0454409456952054e-3 1.038123056786272e-3
15.600000000000012 1.0454409456952054e-3 1.1039858489086639e-3
15.600000000000012 1.0454409456952054e-3 1.0621682031166692e-3
15.600000000000012 1.0454409456952054e-3 1.0893496728814657e-3
15.800000000000011 9.714677294265883e-4 9.695250493020003e-4
15.800000000000011 9.714677294265883e-4 9.520386255670944e-4
15.800000000000011 9.714677294265883e-4 9.85068537066361e-4
15.800000000000011 9.714677294265883e-4 9.180372460825554e-4
15.800000000000011 9.714677294265883e-4 9.510671575818219e-4
15.800000000000011 9.714677294265883e-4 9.83125601095816e-4
15.800000000000011 9.714677294265883e-4 1.0132411086392647e-3
15.800000000000011 9.714677294265883e-4 9.510671575818219e-4
15.800000000000011 9.714677294265883e-4 9.74382389228363e-4
16.000000000000014 9.03089183114959e-4 8.994771111974063e-4
16.000000000000014 9.03089183114959e-4 8.976709322592589e-4
16.000000000000014 9.03089183114959e-4 9.401161373057228e-4
16.000000000000014 9.03089183114959e-4 8.118774326972573e-4
16.000000000000014 9.03089183114959e-4 8.678689797798268e-4
16.000000000000014 9.03089183114959e-4 9.184419900479541e-4
16.000000000000014 9.03089183114959e-4 8.859307691613008e-4
16.000000000000014 9.03089183114959e-4 8.516133693365002e-4
16.000000000000014 9.03089183114959e-4 8.669658903107531e-4
16.200000000000014 8.398588273554193e-4 8.348198838306979e-4
16.200000000000014 8.398588273554193e-4 7.8862763673745e-4
16.200000000000014 8.398588273554193e-4 8.197024211456349e-4
16.200000000000014 8.398588273554193e-4 8.121436898031034e-4
16.200000000000014 8.398588273554193e-4 8.222219982598121e-4
16.200000000000014 8.398588273554193e-4 8.516170645918789e-4
16.200000000000014 8.398588273554193e-4 8.003856632702767e-4
16.200000000000014 8.398588273554193e-4 7.987059451941586e-4
16.200000000000014 8.398588273554193e-4 7.8862763673745e-4
16.400000000000013 7.813674776082505e-4 7.548007201080162e-4
16.400000000000013 7.813674776082505e-4 7.376106415962394e-4
16.400000000000013 7.813674776082505e-4 7.938690803620544e-4
16.400000000000013 7.813674776082505e-4 7.524566184927739e-4
16.400000000000013 7.813674776082505e-4 7.172950942641396e-4
16.400000000000013 7.813674776082505e-4 7.376106415962394e-4
16.400000000000013 7.813674776082505e-4 7.508938840826124e-4
16.400000000000013 7.813674776082505e-4 7.837113066960044e-4
16.400000000000013 7.813674776082505e-4 8.009013852077812e-4
16.600000000000012 7.272400021518117e-4 7.694198516139636e-4
16.600000000000012 7.272400021518117e-4 7.679653717432378e-4
16.600000000000012 7.272400021518117e-4 7.286944152336403e-4
16.600000000000012 7.272400021518117e-4 7.243309756214629e-4
16.600000000000012 7.272400021518117e-4 7.672381318078749e-4
16.600000000000012 7.272400021518117e-4 7.628746921956973e-4
16.600000000000012 7.272400021518117e-4 7.74510531161504e-4
16.600000000000012 7.272400021518117e-4 7.272399353629146e-4
16.600000000000012 7.272400021518117e-4 7.614202123249716e-4
16.80000000000001 6.771323720620374e-4 7.272402249163065e-4
16.80000000000001 6.771323720620374e-4 6.98800663048071e-4
16.80000000000001 6.771323720620374e-4 6.378587447589951e-4
16.80000000000001 6.771323720620374e-4 6.669754390526647e-4
16.80000000000001 6.771323720620374e-4 7.062491197278469e-4
16.80000000000001 6.771323720620374e-4 6.947378684954659e-4
16.80000000000001 6.771323720620374e-4 7.048948548769786e-4
16.80000000000001 6.771323720620374e-4 7.143747088330571e-4
16.80000000000001 6.771323720620374e-4 6.818723524122165e-4
17.000000000000014 6.307289760561569e-4 6.326211772304312e-4
17.000000000000014 6.307289760561569e-4 6.452357570356242e-4
17.000000000000014 6.307289760561569e-4 6.294675322791329e-4
17.000000000000014 6.307289760561569e-4 6.136993075226416e-4
17.000000000000014 6.307289760561569e-4 7.013706371687332e-4
17.000000000000014 6.307289760561569e-4 6.162222234836802e-4
17.000000000000014 6.307289760561569e-4 6.439742990551049e-4
17.000000000000014 6.307289760561569e-4 6.263138873278347e-4
17.000000000000014 6.307289760561569e-4 6.521737759284804e-4
17.200000000000014 5.877401756398498e-4 5.589409391618354e-4
17.200000000000014 5.877401756398498e-4 6.088988569628407e-4
17.200000000000014 5.877401756398498e-4 5.859769887953207e-4
17.200000000000014 5.877401756398498e-4 5.983195331932161e-4
17.200000000000014 5.877401756398498e-4 5.871524692141678e-4
17.200000000000014 5.877401756398498e-4 5.62467380418377e-4
17.200000000000014 5.877401756398498e-4 5.818628073293555e-4
17.200000000000014 5.877401756398498e-4 5.542390174864467e-4
17.200000000000014 5.877401756398498e-4 5.759854052351195e-4
17.400000000000013 5.479000783427062e-4 5.292715667205435e-4
17.400000000000013 5.479000783427062e-4 5.54474974659617e-4
17.400000000000013 5.479000783427062e-4 5.363942689641947e-4
17.400000000000013 5.479000783427062e-4 5.473522724159658e-4
17.400000000000013 5.479000783427062e-4 5.637892775936224e-4
17.400000000000013 5.479000783427062e-4 5.298194668931321e-4
17.400000000000013 5.479000783427062e-4 5.522833739692628e-4
17.400000000000013 5.479000783427062e-4 5.4954387310632e-4
17.400000000000013 5.479000783427062e-4 5.28723666547955e-4
17.600000000000016 5.109645089423057e-4 4.915478801869926e-4
17.600000000000016 5.109645089423057e-4 5.068768161595599e-4
17.600000000000016 5.109645089423057e-4 5.038110289650465e-4
17.600000000000016 5.109645089423057e-4 5.06365851627141e-4
17.600000000000016 5.109645089423057e-4 5.135193550810058e-4
17.600000000000016 5.109645089423057e-4 5.027890999002087e-4
17.600000000000016 5.109645089423057e-4 5.216947875997084e-4
17.600000000000016 5.109645089423057e-4 5.053439225623031e-4
17.600000000000016 5.109645089423057e-4 4.900149865897359e-4
17.800000000000015 4.767091604856612e-4 4.37619028323676e-4
17.800000000000015 4.767091604856612e-4 4.7527905363693355e-4
17.800000000000015 4.767091604856612e-4 4.547805588461731e-4
17.800000000000015 4.767091604856612e-4 4.357121915989541e-4
17.800000000000015 4.767091604856612e-4 4.733722169122116e-4
17.800000000000015 4.767091604856612e-4 4.485833394908269e-4
17.800000000000015 4.767091604856612e-4 4.605010690203388e-4
17.800000000000015 4.767091604856612e-4 4.4095599259193934e-4
17.800000000000015 4.767091604856612e-4 4.6717499755686545e-4
18.000000000000014 4.449279086389735e-4 4.1244819370382484e-4
18.000000000000014 4.449279086389735e-4 4.168974730318057e-4
18.000000000000014 4.449279086389735e-4 4.2668588755336354e-4
18.000000000000014 4.449279086389735e-4 4.1200326577102675e-4
18.000000000000014 4.449279086389735e-4 4.1422790543501714e-4
18.000000000000014 4.449279086389735e-4 4.213467523597865e-4
18.000000000000014 4.449279086389735e-4 4.373641579405176e-4
18.000000000000014 4.449279086389735e-4 4.373641579405176e-4
18.000000000000014 4.449279086389735e-4 4.106684819726325e-4
18.200000000000014 4.154312744512661e-4 4.2914051007483166e-4
18.200000000000014 4.154312744512661e-4 4.1750843429351963e-4
18.200000000000014 4.154312744512661e-4 4.303868039085436e-4
18.200000000000014 4.154312744512661e-4 4.1833929684932766e-4
18.200000000000014 4.154312744512661e-4 4.0421463340059165e-4
18.200000000000014 4.154312744512661e-4 4.1958559068303963e-4
18.200000000000014 4.154312744512661e-4 3.988140267878397e-4
18.200000000000014 4.154312744512661e-4 4.2997137263063964e-4
18.200000000000014 4.154312744512661e-4 4.2124731579465564e-4
18.400000000000013 3.8804502202118517e-4 3.6941879790657506e-4
18.400000000000013 3.8804502202118517e-4 3.705829327739277e-4
18.400000000000013 3.8804502202118517e-4 3.806721016243174e-4
18.400000000000013 3.8804502202118517e-4 3.861047310052964e-4
18.400000000000013 3.8804502202118517e-4 3.7834383188961205e-4
18.400000000000013 3.8804502202118517e-4 3.826123264032385e-4
18.400000000000013 3.8804502202118517e-4 3.9192540534205967e-4
18.400000000000013 3.8804502202118517e-4 4.1598419260068117e-4
18.400000000000013 3.8804502202118517e-4 3.880449557842175e-4
18.600000000000016 3.626088788241667e-4 3.61521100938722e-4
18.600000000000016 3.626088788241667e-4 3.5716979380605936e-4
18.600000000000016 3.626088788241667e-4 3.535437045288405e-4
18.600000000000016 3.626088788241667e-4 3.54994140239728e-4
18.600000000000016 3.626088788241667e-4 3.821898098188696e-4
18.600000000000016 3.626088788241667e-4 3.782011116139288e-4
18.600000000000016 3.626088788241667e-4 3.658724080713846e-4
18.600000000000016 3.626088788241667e-4 3.651471902159409e-4
18.600000000000016 3.626088788241667e-4 3.68048061637716e-4
18.800000000000015 3.389753676027032e-4 3.345686725081159e-4
18.800000000000015 3.389753676027032e-4 3.115183485663207e-4
18.800000000000015 3.389753676027032e-4 3.352466232122864e-4
18.800000000000015 3.389753676027032e-4 3.227045351851331e-4
18.800000000000015 3.389753676027032e-4 3.2914506687475235e-4
18.800000000000015 3.389753676027032e-4 3.1355220067883204e-4
18.800000000000015 3.389753676027032e-4 3.1558605279134337e-4
18.800000000000015 3.389753676027032e-4 3.443989577185874e-4
18.800000000000015 3.389753676027032e-4 3.3490764786020115e-4
19.000000000000014 3.170087397577456e-4 2.9545216068413026e-4
19.000000000000014 3.170087397577456e-4 2.9545216068413026e-4
19.000000000000014 3.170087397577456e-4 3.062304583914912e-4
19.000000000000014 3.170087397577456e-4 3.068644759036889e-4
19.000000000000014 3.170087397577456e-4 2.9703720446462453e-4
19.000000000000014 3.170087397577456e-4 2.9925626575731646e-4
19.000000000000014 3.170087397577456e-4 3.10985589732974e-4
19.000000000000014 3.170087397577456e-4 3.052794321231947e-4
19.000000000000014 3.170087397577456e-4 3.10985589732974e-4
19.200000000000017 2.9658400111523623e-4 2.7256070036533217e-4
19.200000000000017 2.9658400111523623e-4 2.781957964555839e-4
19.200000000000017 2.9658400111523623e-4 2.8116163650308476e-4
19.200000000000017 2.9658400111523623e-4 2.856103965743361e-4
19.200000000000017 2.9658400111523623e-4 2.88576236621837e-4
19.200000000000017 2.9658400111523623e-4 2.948045007215889e-4
19.200000000000017 2.9658400111523623e-4 2.9213524467883807e-4
19.200000000000017 2.9658400111523623e-4 2.734504523795824e-4
19.200000000000017 2.9658400111523623e-4 2.998464288023404e-4
19.400000000000016 2.7758602178815306e-4 2.556567171512347e-4
19.400000000000016 2.7758602178815306e-4 2.670377436476523e-4
19.400000000000016 2.7758602178815306e-4 2.6676015763554454e-4
19.400000000000016 2.7758602178815306e-4 2.5704464721177343e-4
19.400000000000016 2.7758602178815306e-4 2.687032597202988e-4
19.400000000000016 2.7758602178815306e-4 2.5843257727231215e-4
19.400000000000016 2.7758602178815306e-4 2.6731532965976006e-4
19.400000000000016 2.7758602178815306e-4 2.6453946953868256e-4
19.400000000000016 2.7758602178815306e-4 2.692584317445143e-4
19.600000000000016 2.5990872262005797e-4 2.5471052019425573e-4
19.600000000000016 2.5990872262005797e-4 2.6042851146392275e-4
19.600000000000016 2.5990872262005797e-4 2.645870505691351e-4
19.600000000000016 2.5990872262005797e-4 2.596487853816954e-4
19.600000000000016 2.5990872262005797e-4 2.661465027335897e-4
19.600000000000016 2.5990872262005797e-4 2.7550321572031744e-4
19.600000000000016 2.5990872262005797e-4 2.762829418025448e-4
19.600000000000016 2.5990872262005797e-4 2.614681462402258e-4
19.600000000000016 2.5990872262005797e-4 2.5834924191131656e-4
19.800000000000015 2.4345433138892443e-4 2.337161327673183e-4
19.800000000000015 2.4345433138892443e-4 2.4028939900139914e-4
19.800000000000015 2.4345433138892443e-4 2.475930281503778e-4
19.800000000000015 2.4345433138892443e-4 2.4345430496595656e-4
19.800000000000015 2.4345433138892443e-4 2.5148829702983315e-4
19.800000000000015 2.4345433138892443e-4 2.475930281503778e-4
19.800000000000015 2.4345433138892443e-4 2.495406625901055e-4
19.800000000000015 2.4345433138892443e-4 2.449150307957523e-4
19.800000000000015 2.4345433138892443e-4 2.5343593146956076e-4
20.000000000000014 2.2813270257705028e-4 2.2699202037498626e-4
20.000000000000014 2.2813270257705028e-4 2.3064214331568956e-4
20.000000000000014 2.2813270257705028e-4 2.2630762232360438e-4
20.000000000000014 2.2813270257705028e-4 2.23113764750489e-4
20.000000000000014 2.2813270257705028e-4 2.33607868205011e-4
20.000000000000014 2.2813270257705028e-4 2.2653575500739836e-4
20.000000000000014 2.2813270257705028e-4 2.2357003011807693e-4
20.000000000000014 2.2813270257705028e-4 2.2357003011807693e-4
20.000000000000014 2.2813270257705028e-4 2.345203989401868e-4
20.200000000000017 2.1386069508055506e-4 2.1621316436627408e-4
20.200000000000017 2.1386069508055506e-4 2.1086664694871043e-4
20.200000000000017 2.1386069508055506e-4 2.1835177133329954e-4
20.200000000000017 2.1386069508055506e-4 2.0872803998168497e-4
20.200000000000017 2.1386069508055506e-4 1.9846272653996277e-4
20.200000000000017 2.1386069508055506e-4 2.1043892555530535e-4
20.200000000000017 2.1386069508055506e-4 2.1321911461243844e-4
20.200000000000017 2.1386069508055506e-4 2.1450227879265372e-4
20.200000000000017 2.1386069508055506e-4 2.2305670666075556e-4
20.400000000000016 2.0056160274611903e-4 1.9835543488877554e-4
20.400000000000016 2.0056160274611903e-4 1.9935824295191394e-4
20.400000000000016 2.0056160274611903e-4 1.8712398458162546e-4
20.400000000000016 2.0056160274611903e-4 1.9695150360038178e-4
20.400000000000016 2.0056160274611903e-4 1.8732454619425315e-4
20.400000000000016 2.0056160274611903e-4 1.9715206521300947e-4
20.400000000000016 2.0056160274611903e-4 1.997593661771693e-4
20.400000000000016 2.0056160274611903e-4 1.9915768133928628e-4
20.400000000000016 2.0056160274611903e-4 1.9053353199629603e-4
20.600000000000016 1.8816463308837033e-4 1.6859551095635615e-4
20.600000000000016 1.8816463308837033e-4 1.9249241931735753e-4
20.600000000000016 1.8816463308837033e-4 1.7649842553243536e-4
20.600000000000016 1.8816463308837033e-4 1.7969722428941978e-4
20.600000000000016 1.8816463308837033e-4 1.751812731030888e-4
20.600000000000016 1.8816463308837033e-4 1.7066532191675784e-4
20.600000000000016 1.8816463308837033e-4 1.7706291943072672e-4
20.600000000000016 1.8816463308837033e-4 1.8571849253786108e-4
20.600000000000016 1.8816463308837033e-4 1.7988538892218356e-4
20.80000000000002 1.766044299634105e-4 1.6318249666394226e-4
20.80000000000002 1.766044299634105e-4 1.7625122475174715e-4
20.80000000000002 1.766044299634105e-4 1.7024667400870164e-4
20.80000000000002 1.766044299634105e-4 1.649485410001321e-4
20.80000000000002 1.766044299634105e-4 1.6530174986737007e-4
20.80000000000002 1.766044299634105e-4 1.7413197154831934e-4
20.80000000000002 1.766044299634105e-4 1.746617848491763e-4
20.80000000000002 1.766044299634105e-4 1.6759760750441688e-4
20.80000000000002 1.766044299634105e-4 1.6689118976994093e-4
21.000000000000018 1.6582063635655071e-4 1.7477496479627606e-4
21.000000000000018 1.6582063635655071e-4 1.7842301908993648e-4
21.000000000000018 1.6582063635655071e-4 1.7195601375117483e-4
21.000000000000018 1.6582063635655071e-4 1.6333333996615933e-4
21.000000000000018 1.6582063635655071e-4 1.8107614948532588e-4
21.000000000000018 1.6582063635655071e-4 1.6217259541817647e-4
21.000000000000018 1.6582063635655071e-4 1.8008122558705485e-4
21.000000000000018 1.6582063635655071e-4 1.6830795945751444e-4
21.000000000000018 1.6582063635655071e-4 1.754382473951234e-4
21.200000000000017 1.5575749378922264e-4 1.5653627739910535e-4
21.200000000000017 1.5575749378922264e-4 1.6494718185637073e-4
21.200000000000017 1.5575749378922264e-4 1.556017324594092e-4
21.200000000000017 1.5575749378922264e-4 1.5871688225839637e-4
21.200000000000017 1.5575749378922264e-4 1.5933991221819382e-4
21.200000000000017 1.5575749378922264e-4 1.6074172962773805e-4
21.200000000000017 1.5575749378922264e-4 1.556017324594092e-4
21.200000000000017 1.5575749378922264e-4 1.5233082517047267e-4
21.200000000000017 1.5575749378922264e-4 1.6245506201718098e-4
21.400000000000016 1.463634751646593e-4 1.5587709332690896e-4
21.400000000000016 1.463634751646593e-4 1.5807254534559782e-4
21.400000000000016 1.463634751646593e-4 1.4855891993127942e-4
21.400000000000016 1.463634751646593e-4 1.4182620040730025e-4
21.400000000000016 1.463634751646593e-4 1.535352778403075e-4
21.400000000000016 1.463634751646593e-4 1.5294982396865715e-4
21.400000000000016 1.463634751646593e-4 1.4987619114249274e-4
21.400000000000016 1.463634751646593e-4 1.4211892734312544e-4
21.400000000000016 1.463634751646593e-4 1.4387528895807653e-4
21.600000000000016 1.375909481573892e-4 1.3057380928793933e-4
21.600000000000016 1.375909481573892e-4 1.4281940362579666e-4
21.600000000000016 1.375909481573892e-4 1.45158449735275e-4
21.600000000000016 1.375909481573892e-4 1.3029862739270657e-4
21.600000000000016 1.375909481573892e-4 1.3855408424968905e-4
21.600000000000016 1.375909481573892e-4 1.3951722088300367e-4
21.600000000000016 1.375909481573892e-4 1.3924203898777092e-4
21.600000000000016 1.375909481573892e-4 1.3951722088300367e-4
21.600000000000016 1.375909481573892e-4 1.4103072130678378e-4
21.80000000000002 1.2939586651062514e-4 1.2616097208387647e-4
21.80000000000002 1.2939586651062514e-4 1.3392472421211503e-4
21.80000000000002 1.2939586651062514e-4 1.2538459687105261e-4
21.80000000000002 1.2939586651062514e-4 1.2007936625008961e-4
21.80000000000002 1.2939586651062514e-4 1.2900768119756395e-4
21.80000000000002 1.2939586651062514e-4 1.2409063818301285e-4
21.80000000000002 1.2939586651062514e-4 1.2887828532875996e-4
21.80000000000002 1.2939586651062514e-4 1.3353653660570309e-4
21.80000000000002 1.2939586651062514e-4 1.3340714073689912e-4
22.000000000000018 1.2173748684079103e-4 1.2076358130730716e-4
22.000000000000018 1.2173748684079103e-4 1.2502439314778673e-4
22.000000000000018 1.2173748684079103e-4 1.2465918070431707e-4
22.000000000000018 1.2173748684079103e-4 1.1516365717410541e-4
22.000000000000018 1.2173748684079103e-4 1.1528539465526198e-4
22.000000000000018 1.2173748684079103e-4 1.1808535672186284e-4
22.000000000000018 1.2173748684079103e-4 1.1930273153342844e-4
22.000000000000018 1.2173748684079103e-4 1.2636350544050891e-4
22.000000000000018 1.2173748684079103e-4 1.2039836886383749e-4
22.200000000000017 1.1457810876195154e-4 1.1297401105059987e-4
22.200000000000017 1.1457810876195154e-4 1.0460980942109298e-4
22.200000000000017 1.1457810876195154e-4 1.1366147967768262e-4
22.200000000000017 1.1457810876195154e-4 1.0735968392942401e-4
22.200000000000017 1.1457810876195154e-4 1.0483896563012057e-4
22.200000000000017 1.1457810876195154e-4 1.1033871464678263e-4
22.200000000000017 1.1457810876195154e-4 1.1274485484157229e-4
22.200000000000017 1.1457810876195154e-4 1.1847376006726193e-4
22.200000000000017 1.1457810876195154e-4 1.1182823000546194e-4
22.40000000000002 1.0788283633687184e-4 1.210445432051883e-4
22.40000000000002 1.0788283633687184e-4 1.1877900362648157e-4
22.40000000000002 1.0788283633687184e-4 1.1726864390734375e-4
22.40000000000002 1.0788283633687184e-4 1.1209026772744264e-4
22.40000000000002 1.0788283633687184e-4 1.1543463567696211e-4
22.40000000000002 1.0788283633687184e-4 1.0971684531165464e-4
22.40000000000002 1.0788283633687184e-4 1.1770017525566884e-4
22.40000000000002 1.0788283633687184e-4 1.1834747227815648e-4
22.40000000000002 1.0788283633687184e-4 1.170528782331812e-4
22.60000000000002 1.0161935903764002e-4 1.0395660040576609e-4
22.60000000000002 1.0161935903764002e-4 1.0497279395811961e-4
22.60000000000002 1.0161935903764002e-4 1.0365174234006003e-4
22.60000000000002 1.0161935903764002e-4 1.0355012298482467e-4
22.60000000000002 1.0161935903764002e-4 1.095456649437105e-4
22.60000000000002 1.0161935903764002e-4 1.0466793589241355e-4
22.60000000000002 1.0161935903764002e-4 1.0619222622094385e-4
22.60000000000002 1.0161935903764002e-4 1.0578574880000244e-4
22.60000000000002 1.0161935903764002e-4 1.1035861978559332e-4
22.80000000000002 9.57577505589414e-5 1.0150321473129562e-4
22.80000000000002 9.57577505589414e-5 9.882199773839347e-5
22.80000000000002 9.57577505589414e-5 1.0246079222876067e-4
22.80000000000002 9.57577505589414e-5 9.671532724397035e-5
22.80000000000002 9.57577505589414e-5 9.642805399473084e-5
22.80000000000002 9.57577505589414e-5 9.738563149219589e-5
22.80000000000002 9.57577505589414e-5 9.75771469916889e-5
22.80000000000002 9.57577505589414e-5 1.0083291048307008e-4
22.80000000000002 9.57577505589414e-5 9.853472448915395e-5
23.000000000000018 9.027028397266895e-5 9.41519030374415e-5
23.000000000000018 9.027028397266895e-5 9.315892994692198e-5
23.000000000000018 9.027028397266895e-5 9.55962275327426e-5
23.000000000000018 9.027028397266895e-5 9.505460584700469e-5
23.000000000000018 9.027028397266895e-5 9.37005516326599e-5
23.000000000000018 9.027028397266895e-5 9.027028095631975e-5
23.000000000000018 9.027028397266895e-5 8.990919983249446e-5
23.000000000000018 9.027028397266895e-5 9.686001146613108e-5
23.000000000000018 9.027028397266895e-5 9.523514640891733e-5
23.200000000000017 8.513126184494805e-5 8.989861377359136e-5
23.200000000000017 8.513126184494805e-5 8.972835124750502e-5
23.200000000000017 8.513126184494805e-5 8.010851852362639e-5
23.200000000000017 8.513126184494805e-5 8.30029814670943e-5
23.200000000000017 8.513126184494805e-5 8.828111977577107e-5
23.200000000000017 8.513126184494805e-5 8.206653757361939e-5
23.200000000000017 8.513126184494805e-5 8.274758767796478e-5
23.200000000000017 8.513126184494805e-5 8.989861377359136e-5
23.200000000000017 8.513126184494805e-5 8.71744133562098e-5
23.40000000000002 8.031686005707997e-5 8.047749336863849e-5
23.40000000000002 8.031686005707997e-5 8.601935668444293e-5
23.40000000000002 8.031686005707997e-5 7.838925501775565e-5
23.40000000000002 8.031686005707997e-5 7.951369105284641e-5
23.40000000000002 8.031686005707997e-5 8.336890031601471e-5
23.40000000000002 8.031686005707997e-5 7.525689749143139e-5
23.40000000000002 8.031686005707997e-5 7.774672014056092e-5
23.40000000000002 8.031686005707997e-5 7.903178989495036e-5
23.40000000000002 8.031686005707997e-5 7.99152753510931e-5
23.60000000000002 7.580498418149386e-5 7.239375836934385e-5
23.60000000000002 7.580498418149386e-5 7.178731850865826e-5
23.60000000000002 7.580498418149386e-5 7.603239753345748e-5
23.60000000000002 7.580498418149386e-5 7.785171711551428e-5
23.60000000000002 7.580498418149386e-5 7.262117331710095e-5
23.60000000000002 7.580498418149386e-5 7.239375836934385e-5
23.60000000000002 7.580498418149386e-5 7.262117331710095e-5
23.60000000000002 7.580498418149386e-5 7.663883739414308e-5
23.60000000000002 7.580498418149386e-5 7.610820251604317e-5
23.80000000000002 7.157513736351763e-5 6.921315734247816e-5
23.80000000000002 7.157513736351763e-5 7.193301254311328e-5
23.80000000000002 7.157513736351763e-5 6.620700159440775e-5
23.80000000000002 7.157513736351763e-5 6.856898111074878e-5
23.80000000000002 7.157513736351763e-5 7.221931309054856e-5
23.80000000000002 7.157513736351763e-5 7.064466007965453e-5
23.80000000000002 7.157513736351763e-5 6.949945788991344e-5
23.80000000000002 7.157513736351763e-5 7.1646711995678e-5
23.80000000000002 7.157513736351763e-5 7.028678439536044e-5
24.00000000000002 6.760829875058038e-5 7.024502058131777e-5
24.00000000000002 6.760829875058038e-5 7.470716818321092e-5
24.00000000000002 6.760829875058038e-5 7.308456905524977e-5
24.00000000000002 6.760829875058038e-5 7.240848608526597e-5
24.00000000000002 6.760829875058038e-5 7.308456905524977e-5
24.00000000000002 6.760829875058038e-5 7.430151840122062e-5
24.00000000000002 6.760829875058038e-5 7.031262887831615e-5
24.00000000000002 6.760829875058038e-5 7.024502058131777e-5
24.00000000000002 6.760829875058038e-5 7.078588695730482e-5
